[{"id": 0, "img_name": "0001.jpg", "width": 519, "height": 338, "position": [-1.685202213717255, -2.0679960814594063, 2.943602682074161], "rotation": [[-0.7671166316162659, -0.4403305925070481, 0.46652014190183266], [0.5973774863835393, -0.22526299779616477, 0.7696731258046946], [-0.233820897825234, 0.8691176854294687, 0.43584657462681115]], "fy": 474.40770730514083, "fx": 474.46809509406205}, {"id": 1, "img_name": "0002.jpg", "width": 519, "height": 338, "position": [-2.1711645238513517, -1.6498095546204374, 2.766296417912405], "rotation": [[-0.6267121625068138, -0.5431641191842682, 0.5587527225855908], [0.718252831587469, -0.1245409431339758, 0.6845454136869826], [-0.3022329156174341, 0.8303386617001991, 0.46818049041294674]], "fy": 474.40770730514083, "fx": 474.46809509406205}, {"id": 2, "img_name": "0003.jpg", "width": 519, "height": 338, "position": [-2.6120795695304757, -1.0228728658807518, 2.5973562290110346], "rotation": [[-0.4478771821761009, -0.6155835340159529, 0.6484311392387206], [0.8219528436539897, 0.0019193700184750655, 0.5695523143907428], [-0.35185160578731894, 0.7880693044822656, 0.5051209942555576]], "fy": 474.40770730514083, "fx": 474.46809509406205}, {"id": 3, "img_name": "0004.jpg", "width": 519, "height": 338, "position": [-2.8955039267934115, -0.35350284765948253, 2.379448956873052], "rotation": [[-0.2497421454732051, -0.6615724621220508, 0.7070719469305847], [0.8857073053041313, 0.13904301468922944, 0.4429329626444892], [-0.3913456657551404, 0.7368778171636721, 0.551234661887991]], "fy": 474.40770730514083, "fx": 474.46809509406205}, {"id": 4, "img_name": "0005.jpg", "width": 519, "height": 338, "position": [-2.98839369357789, 0.32511970648855215, 2.0986751919578825], "rotation": [[-0.04519867366193348, -0.683208576395921, 0.7288231068224037], [0.9102729619390416, 0.2723825882798209, 0.31178656219393075], [-0.41153397753032034, 0.6775203072536237, 0.6095949627392185]], "fy": 474.40770730514083, "fx": 474.46809509406205}, {"id": 5, "img_name": "0006.jpg", "width": 519, "height": 338, "position": [-2.946246481800248, 0.9829812399206439, 1.8130568736705028], "rotation": [[0.15978061452696218, -0.6735873663645173, 0.7216302481849686], [0.894194367155668, 0.40844811879516096, 0.18326638535140055], [-0.41819443918883015, 0.6159952874225638, 0.6675801202138454]], "fy": 474.40770730514083, "fx": 474.46809509406205}, {"id": 6, "img_name": "0007.jpg", "width": 519, "height": 338, "position": [-2.767790533688811, 1.62133915841733, 1.5878223150667399], "rotation": [[0.36210810763922113, -0.6246395045985265, 0.6918838108214771], [0.8340440243555369, 0.5485621880252335, 0.05873747786370419], [-0.41623104619761725, 0.5557922410072629, 0.7196156620150519]], "fy": 474.40770730514083, "fx": 474.46809509406205}, {"id": 7, "img_name": "0008.jpg", "width": 519, "height": 338, "position": [-2.392645401780496, 2.137745484426587, 1.258978348129695], "rotation": [[0.5513757624822841, -0.565080868798826, 0.6137331506971444], [0.7375413566220845, 0.673992014741904, -0.04204178084006842], [-0.3898942367093091, 0.4758343995359238, 0.7883933716103605]], "fy": 474.40770730514083, "fx": 474.46809509406205}, {"id": 8, "img_name": "0009.jpg", "width": 519, "height": 338, "position": [-1.935584458973068, 2.5655255920474747, 1.063156066879959], "rotation": [[0.7053194030836747, -0.4710109283158687, 0.5297860370382672], [0.6141881887081807, 0.7792091825486798, -0.12492365141630561], [-0.3539737398240907, 0.4134994017394002, 0.8388807044366352]], "fy": 474.40770730514083, "fx": 474.46809509406205}, {"id": 9, "img_name": "0010.jpg", "width": 519, "height": 338, "position": [-1.4034686395137062, 3.0277111179726393, 0.8116996748847295], "rotation": [[0.8359390922307239, -0.35342333549953875, 0.41987829189522724], [0.47136170280257556, 0.8542069769648107, -0.21942785975280238], [-0.28111204031761006, 0.3813428725294594, 0.8806552301323435]], "fy": 474.40770730514083, "fx": 474.46809509406205}, {"id": 10, "img_name": "0011.jpg", "width": 519, "height": 338, "position": [-0.7485880663380793, 3.346017220446761, 0.6218726079421294], "rotation": [[0.9312514456340669, -0.22230441547549834, 0.28870658438033214], [0.30483514163074255, 0.9093692364018354, -0.2830602909503696], [-0.19961533365807826, 0.3516082176884377, 0.9146176139909697]], "fy": 474.40770730514083, "fx": 474.46809509406205}, {"id": 11, "img_name": "0012.jpg", "width": 519, "height": 338, "position": [-0.0016657241286097643, 3.463423749649748, 0.476814760590935], "rotation": [[0.9869474797007378, -0.08338480467968414, 0.1377738968777933], [0.12241438604327223, 0.9443279140103711, -0.305384198855262], [-0.10463933486987863, 0.31826367239971387, 0.9422095544137923]], "fy": 474.40770730514083, "fx": 474.46809509406205}, {"id": 12, "img_name": "0013.jpg", "width": 519, "height": 338, "position": [0.8443683603887088, 3.614190393764024, 0.4554643335587885], "rotation": [[0.9979112549646826, 0.05612672821077906, -0.03198308295280152], [-0.06365406996571044, 0.9387354712081601, -0.33870912959705435], [0.011013019186984404, 0.34003750598418847, 0.9403473868376728]], "fy": 474.40770730514083, "fx": 474.46809509406205}, {"id": 13, "img_name": "0014.jpg", "width": 519, "height": 338, "position": [1.5192701466842489, 3.4307456242816707, 0.4856679710022428], "rotation": [[0.9632919396761228, 0.21100953309078202, -0.16596269430153027], [-0.2533440101295576, 0.919028868879143, -0.301997931612449], [0.08880006467614555, 0.33295782782738853, 0.9387511030097273]], "fy": 474.40770730514083, "fx": 474.46809509406205}, {"id": 14, "img_name": "0015.jpg", "width": 519, "height": 338, "position": [2.1877309054511422, 3.1169064170957568, 0.5626852092364089], "rotation": [[0.8853296503419247, 0.35632765079261947, -0.2987005448707092], [-0.43050911840826034, 0.8708888406304952, -0.23709602745009167], [0.17565110074459547, 0.33850145132020504, 0.9244260155692974]], "fy": 474.40770730514083, "fx": 474.46809509406205}, {"id": 15, "img_name": "0016.jpg", "width": 519, "height": 338, "position": [2.8155896569233096, 2.7798753003322103, 0.7197880028149616], "rotation": [[0.7707972124527126, 0.4762461468184639, -0.4231563126265447], [-0.5839815928348834, 0.7936553863294835, -0.1705186997963287], [0.25463141303688414, 0.3785508359398565, 0.8898663428313689]], "fy": 474.40770730514083, "fx": 474.46809509406205}, {"id": 16, "img_name": "0017.jpg", "width": 519, "height": 338, "position": [3.384066308278076, 2.3299052335797805, 0.9542015069027108], "rotation": [[0.6209030632313902, 0.5721780523189813, -0.5358093527686251], [-0.7126814286957314, 0.696692369003547, -0.08188360131575098], [0.3264422877969202, 0.4327031539250466, 0.8403590978392692]], "fy": 474.40770730514083, "fx": 474.46809509406205}, {"id": 17, "img_name": "0018.jpg", "width": 519, "height": 338, "position": [3.7412533228130185, 1.7602596795904566, 1.214063921675681], "rotation": [[0.439104252625821, 0.6586636327446057, -0.6110234645458374], [-0.8176645462490312, 0.5748040236398732, 0.03201599935623379], [0.37230652040124856, 0.48555386241599535, 0.7909647916055577]], "fy": 474.40770730514083, "fx": 474.46809509406205}, {"id": 18, "img_name": "0030.jpg", "width": 519, "height": 338, "position": [-1.1593538073528762, -3.0593565146727353, 1.8321969156122047], "rotation": [[-0.8832363564496731, -0.3651144296565237, 0.2942532784899731], [0.43895221770581966, -0.4229861432864814, 0.7927191641172625], [-0.16496814606659385, 0.829321515363143, 0.5338645286391774]], "fy": 474.40770730514083, "fx": 474.46809509406205}, {"id": 19, "img_name": "0031.jpg", "width": 519, "height": 338, "position": [-1.7323460489806513, -2.6787370464939424, 1.7279729032482047], "rotation": [[-0.7696836734764169, -0.50558449521099, 0.389835043301775], [0.5907970282023586, -0.3326340308648769, 0.7350601832352542], [-0.24196262986484052, 0.796077207130585, 0.5547208000751889]], "fy": 474.40770730514083, "fx": 474.46809509406205}, {"id": 20, "img_name": "0032.jpg", "width": 519, "height": 338, "position": [-2.252906884059033, -2.1774100186785375, 1.566345303492023], "rotation": [[-0.6222392377229296, -0.6209101387641248, 0.476748288531697], [0.7213566654478278, -0.21822333277120537, 0.6572846706323051], [-0.3040771156334814, 0.7528938680943964, 0.5836847874785498]], "fy": 474.40770730514083, "fx": 474.46809509406205}, {"id": 21, "img_name": "0033.jpg", "width": 519, "height": 338, "position": [-2.6232788102471596, -1.6255834913090756, 1.322839922090074], "rotation": [[-0.45142050215052193, -0.7122839024393371, 0.5374673688364335], [0.818105434192366, -0.08989197381384616, 0.5679990594963787], [-0.35626258403471256, 0.6961113958050387, 0.6233024112317153]], "fy": 474.40770730514083, "fx": 474.46809509406205}, {"id": 22, "img_name": "0034.jpg", "width": 519, "height": 338, "position": [-2.9338510160128837, -0.9543751107121055, 1.0655427747021968], "rotation": [[-0.2514756034613695, -0.76962793461714, 0.5868840286808761], [0.8852333664696433, 0.062259245562129806, 0.460961683039769], [-0.39130794491367277, 0.6354499418514331, 0.6656436461414231]], "fy": 474.40770730514083, "fx": 474.46809509406205}, {"id": 23, "img_name": "0035.jpg", "width": 519, "height": 338, "position": [-3.0538446538452333, -0.25435584437289593, 0.8138284545516081], "rotation": [[-0.0431379604626659, -0.7919054362023848, 0.6091181301522979], [0.9099590000964878, 0.22055498553444303, 0.35118387847294674], [-0.41244846285387127, 0.5694218809187191, 0.7110871866518668]], "fy": 474.40770730514083, "fx": 474.46809509406205}, {"id": 24, "img_name": "0036.jpg", "width": 519, "height": 338, "position": [-2.988426875671127, 0.4053032269435177, 0.5448595146446762], "rotation": [[0.16275285227555047, -0.7818492640812498, 0.6018498461674477], [0.8931347833332347, 0.3759709948310317, 0.24689283068987633], [-0.41931106338429525, 0.49735051955474224, 0.759487124856083]], "fy": 474.40770730514083, "fx": 474.46809509406205}, {"id": 25, "img_name": "0037.jpg", "width": 519, "height": 338, "position": [-2.817059546539569, 1.0270991711944635, 0.26509679621014437], "rotation": [[0.36121824934587904, -0.7347769795491174, 0.5741290505314759], [0.838218091680329, 0.5256168030383337, 0.14531829596973883], [-0.40854841465765773, 0.42875373664661776, 0.8057657390285822]], "fy": 474.40770730514083, "fx": 474.46809509406205}, {"id": 26, "img_name": "0038.jpg", "width": 519, "height": 338, "position": [-2.4821303691887984, 1.5220648993512498, 0.03938040653581452], "rotation": [[0.5434035581038107, -0.6574828783758336, 0.5219471598569604], [0.7422399448424054, 0.6667614489544955, 0.06714934451240029], [-0.3921637888949739, 0.3509208384105033, 0.8503305991488298]], "fy": 474.40770730514083, "fx": 474.46809509406205}, {"id": 27, "img_name": "0039.jpg", "width": 519, "height": 338, "position": [-2.11196448639495, 2.0621631584239637, -0.19085211583390083], "rotation": [[0.7028199550632264, -0.5414703575795566, 0.4613609894947681], [0.6191021281748639, 0.7850077702638539, -0.021802649259360974], [-0.3503664733593654, 0.3009529074257953, 0.8869445765422336]], "fy": 474.40770730514083, "fx": 474.46809509406205}, {"id": 28, "img_name": "0040.jpg", "width": 519, "height": 338, "position": [-1.4888877734957475, 2.3940126403213595, -0.4428075166206715], "rotation": [[0.8352014669087386, -0.4166912926458042, 0.3588967488103785], [0.4709318679863476, 0.8789374511868022, -0.0754462233391229], [-0.28401000931020093, 0.23202871273705822, 0.9303230573715796]], "fy": 474.40770730514083, "fx": 474.46809509406205}, {"id": 29, "img_name": "0041.jpg", "width": 519, "height": 338, "position": [-0.8039743593745836, 2.6760505638263696, -0.6698502681297197], "rotation": [[0.9324217594009977, -0.26560601800443706, 0.24503694781680235], [0.3013816464278183, 0.9456997495198023, -0.12174188660703668], [-0.19939600244740419, 0.18736442287160524, 0.9618398033196511]], "fy": 474.40770730514083, "fx": 474.46809509406205}, {"id": 30, "img_name": "0042.jpg", "width": 519, "height": 338, "position": [-0.02888634793254016, 2.8758078224582997, -0.804759429717009], "rotation": [[0.9877376704019977, -0.10361521316931974, 0.11678262742681726], [0.12130377402496978, 0.9802385399691932, -0.15626195687487002], [-0.09828371623078488, 0.16851199470346642, 0.9807874483112665]], "fy": 474.40770730514083, "fx": 474.46809509406205}, {"id": 31, "img_name": "0043.jpg", "width": 519, "height": 338, "position": [0.8359587325959189, 3.0142178570345655, -0.8325523208602115], "rotation": [[0.997937159241436, 0.059008018649050274, -0.02528794060903121], [-0.06262302920664015, 0.9814731211819212, -0.18107696874644785], [0.014134440849105027, 0.1822870432382156, 0.9831437592993977]], "fy": 474.40770730514083, "fx": 474.46809509406205}, {"id": 32, "img_name": "0044.jpg", "width": 519, "height": 338, "position": [1.497861673765018, 2.725061601510985, -0.7942860743965974], "rotation": [[0.9624888995572729, 0.23636604051038856, -0.13321491328853285], [-0.2536401435119818, 0.9581898015899057, -0.13243482067914866], [0.09634207714312212, 0.16125569454297825, 0.9821989641356839]], "fy": 474.40770730514083, "fx": 474.46809509406205}, {"id": 33, "img_name": "0045.jpg", "width": 519, "height": 338, "position": [2.1668573513646843, 2.5502278432803123, -0.6945311101922502], "rotation": [[0.8863984509206176, 0.3937618239144344, -0.24341202154599362], [-0.42725823974989874, 0.8982691500049722, -0.10277611938170646], [0.17818019747252323, 0.19510038487128276, 0.964462366840578]], "fy": 474.40770730514083, "fx": 474.46809509406205}, {"id": 34, "img_name": "0046.jpg", "width": 519, "height": 338, "position": [2.8514229275153316, 2.2930742903058734, -0.5144803964709811], "rotation": [[0.771583225571517, 0.528315845159675, -0.3543186331113164], [-0.5833900722597857, 0.8097423559213344, -0.06303443991731314], [0.2536047113233022, 0.2553422894472938, 0.9329978379473552]], "fy": 474.40770730514083, "fx": 474.46809509406205}, {"id": 35, "img_name": "0047.jpg", "width": 519, "height": 338, "position": [3.4783681070379213, 1.8935480513594496, -0.2650017077839933], "rotation": [[0.6221814089724367, 0.63558707087271, -0.45707698440035444], [-0.7141430545221328, 0.6999986198335538, 0.0012766788624320245], [0.3207646988165493, 0.3256240279380011, 0.8894262197746141]], "fy": 474.40770730514083, "fx": 474.46809509406205}, {"id": 36, "img_name": "0048.jpg", "width": 519, "height": 338, "position": [3.7886898322622256, 1.2618027829624188, -0.053131765589318876], "rotation": [[0.4497011473682821, 0.7357728857236567, -0.5063666050299264], [-0.8145112029967334, 0.5704655337506709, 0.10554892228429587], [0.36652473074605046, 0.36497580116556355, 0.8558342633448899]], "fy": 474.40770730514083, "fx": 474.46809509406205}, {"id": 37, "img_name": "0049.jpg", "width": 519, "height": 338, "position": [4.019679921632127, 0.6555170426155588, 0.15806069382730425], "rotation": [[0.2585662695580243, 0.8002303325672661, -0.5410867759298226], [-0.8835833484309611, 0.42230692031528166, 0.20232975912938078], [0.39041510040260746, 0.425779614229128, 0.8162645217602668]], "fy": 474.40770730514083, "fx": 474.46809509406205}, {"id": 38, "img_name": "0050.jpg", "width": 519, "height": 338, "position": [4.038868531114997, -0.09945399550386094, 0.45285412908724815], "rotation": [[0.04685948308588557, 0.8363410215684106, -0.5462031531278727], [-0.9068690795723381, 0.2648716407545477, 0.3277674273621679], [0.41879907039121245, 0.4799757385180011, 0.7708635606082023]], "fy": 474.40770730514083, "fx": 474.46809509406205}, {"id": 39, "img_name": "0051.jpg", "width": 519, "height": 338, "position": [3.960637015617182, -0.7648072720148245, 0.7491167362647869], "rotation": [[-0.16334413815991933, 0.8283806715654505, -0.5358210106981305], [-0.8930746733284898, 0.10662297615038599, 0.4370917167094853], [0.4192091606680416, 0.5499245438545248, 0.7223895595026197]], "fy": 474.40770730514083, "fx": 474.46809509406205}, {"id": 40, "img_name": "0052.jpg", "width": 519, "height": 338, "position": [3.7523131894108728, -1.4265270840915902, 1.0220030793444554], "rotation": [[-0.3677314186015281, 0.7826828981174908, -0.5021763482758944], [-0.8396178057549312, -0.04729750803555788, 0.5411144851072652], [0.39976936354926196, 0.6206210008757609, 0.6745472772455511]], "fy": 474.40770730514083, "fx": 474.46809509406205}, {"id": 41, "img_name": "0053.jpg", "width": 519, "height": 338, "position": [3.5845778750879327, -2.0209941966600873, 1.276986862903002], "rotation": [[-0.5455137783848086, 0.6978059039570597, -0.46419999784037064], [-0.7589829323952686, -0.1764013230053338, 0.6267595085634095], [0.35547099167865803, 0.6942258232337934, 0.6258521234527793]], "fy": 474.40770730514083, "fx": 474.46809509406205}, {"id": 42, "img_name": "0056.jpg", "width": 519, "height": 338, "position": [1.814956208983913, -3.2982216045387256, 1.7668739403070468], "rotation": [[-0.9376020980121608, 0.2960316036351392, -0.18239406638485262], [-0.3104672556269014, -0.4765570085553568, 0.8224983287401072], [0.1565643285895433, 0.8278035438713569, 0.5387289706033344]], "fy": 474.40770730514083, "fx": 474.46809509406205}, {"id": 43, "img_name": "0057.jpg", "width": 519, "height": 338, "position": [1.0250911773650306, -3.453106059275419, 1.8938652706645305], "rotation": [[-0.989626593562778, 0.13190660643688432, -0.056919702139382626], [-0.11717557568649206, -0.5118743557278889, 0.8510314497189261], [0.08312093464266569, 0.8488729534662197, 0.5220207075372264]], "fy": 474.40770730514083, "fx": 474.46809509406205}, {"id": 44, "img_name": "0058.jpg", "width": 519, "height": 338, "position": [0.23926234957786172, -3.455710766276736, 1.9243116696596607], "rotation": [[-0.9969920641315466, -0.035124668806057434, 0.0690874930793022], [0.07728879416326773, -0.5169209852872385, 0.8525368832293758], [0.005767699325197882, 0.8553121959909931, 0.5180808634118411]], "fy": 474.40770730514083, "fx": 474.46809509406205}, {"id": 45, "img_name": "0059.jpg", "width": 519, "height": 338, "position": [-0.47755921435779375, -3.340734824084815, 1.884620221410179], "rotation": [[-0.9608984914808019, -0.20718678030864768, 0.1837055446502782], [0.26415125567883896, -0.4868780877186255, 0.8325706227238304], [-0.08305542241908026, 0.8485419057210966, 0.5225690682024701]], "fy": 474.40770730514083, "fx": 474.46809509406205}, {"id": 46, "img_name": "0060.jpg", "width": 519, "height": 338, "position": [-1.2844749854801567, -3.929792032114017, -0.058458233494154875], "rotation": [[-0.8835393368965807, -0.40054368665021, 0.24274059248714097], [0.44056767781030465, -0.5349090821466358, 0.720952422220689], [-0.15892879356864648, 0.7439334842052087, 0.6490798176288591]], "fy": 474.40770730514083, "fx": 474.46809509406205}, {"id": 47, "img_name": "0061.jpg", "width": 519, "height": 338, "position": [-1.865334549040949, -3.5344908332870784, -0.17531359340382402], "rotation": [[-0.7677283311443522, -0.5569981274519703, 0.31677483418558794], [0.5951061724668042, -0.43649886136382526, 0.6747721004309487], [-0.23757494196614762, 0.7065563176726132, 0.6665855660803787]], "fy": 474.40770730514083, "fx": 474.46809509406205}, {"id": 48, "img_name": "0062.jpg", "width": 519, "height": 338, "position": [-2.3440762966378026, -3.0324375725622508, -0.40421190279083463], "rotation": [[-0.6186895535942488, -0.6891702926978029, 0.3771837005176307], [0.724855303821918, -0.31557388381451185, 0.6123707311551232], [-0.30299839074586526, 0.6522709801279294, 0.6947910072017094]], "fy": 474.40770730514083, "fx": 474.46809509406205}, {"id": 49, "img_name": "0063.jpg", "width": 519, "height": 338, "position": [-2.681493876839465, -2.4878203953315667, -0.6248625111620462], "rotation": [[-0.44539719856193905, -0.7902699831906876, 0.420826198306339], [0.8200800196441314, -0.17147244029027794, 0.5459541771993122], [-0.35929110327651775, 0.5882776180415898, 0.724457967875056]], "fy": 474.40770730514083, "fx": 474.46809509406205}, {"id": 50, "img_name": "0064.jpg", "width": 519, "height": 338, "position": [-2.9797774194259543, -1.824112892341833, -0.8786884631676686], "rotation": [[-0.24983370442869401, -0.8527218991778686, 0.4587466433598446], [0.8852359332649153, -0.009171567583238917, 0.46505185173769625], [-0.39235247238679416, 0.5222846398378519, 0.7571514329388906]], "fy": 474.40770730514083, "fx": 474.46809509406205}, {"id": 51, "img_name": "0065.jpg", "width": 519, "height": 338, "position": [-3.0722166572231395, -1.2087305763718847, -1.1830825626423216], "rotation": [[-0.047873412435975794, -0.881694181333214, 0.46938630890226063], [0.9083868394903848, 0.15699127539835447, 0.3875397905886151], [-0.415381133686166, 0.4449371978739826, 0.7934036827023452]], "fy": 474.40770730514083, "fx": 474.46809509406205}, {"id": 52, "img_name": "0066.jpg", "width": 519, "height": 338, "position": [-3.0931233908590894, -0.46131972314180114, -1.4085705101422317], "rotation": [[0.1645033996485665, -0.8645692653757134, 0.4748248275646116], [0.8944758772187389, 0.333656054332009, 0.29763491475524667], [-0.4157541780641917, 0.37575739882974296, 0.8282239073142443]], "fy": 474.40770730514083, "fx": 474.46809509406205}, {"id": 53, "img_name": "0067.jpg", "width": 519, "height": 338, "position": [-2.935783273552728, 0.05843761320855735, -1.5717223228487334], "rotation": [[0.3566675439368094, -0.813493949322981, 0.45936462371082], [0.8337896557957326, 0.4989761346174467, 0.23625754373197297], [-0.4214060666270923, 0.2987480736291548, 0.8562514324150071]], "fy": 474.40770730514083, "fx": 474.46809509406205}, {"id": 54, "img_name": "0068.jpg", "width": 519, "height": 338, "position": [-2.622375408488724, 0.6544071616099064, -1.8434946034206605], "rotation": [[0.5430855399026687, -0.7268918660158022, 0.4203407087931074], [0.7433245712403337, 0.6490256306546678, 0.16197009768375398], [-0.39054664015838236, 0.22448595918982497, 0.8927930196790426]], "fy": 474.40770730514083, "fx": 474.46809509406205}, {"id": 55, "img_name": "0069.jpg", "width": 519, "height": 338, "position": [-2.130140284268021, 1.0644745651326606, -2.1253715426110813], "rotation": [[0.7052356397306768, -0.6124873062519548, 0.35707421096165304], [0.619841063646635, 0.777145276356698, 0.10882221856716497], [-0.3441507638682081, 0.1445839517951279, 0.9277153295123632]], "fy": 474.40770730514083, "fx": 474.46809509406205}, {"id": 56, "img_name": "0070.jpg", "width": 519, "height": 338, "position": [-1.5631901770486478, 1.4322756252559037, -2.393838825528148], "rotation": [[0.8370712262450165, -0.4679933343553632, 0.2833619614408638], [0.4708963646626798, 0.8799859065829663, 0.06230102698051792], [-0.27851099788004213, 0.08128372047528327, 0.9569872417360428]], "fy": 474.40770730514083, "fx": 474.46809509406205}, {"id": 57, "img_name": "0071.jpg", "width": 519, "height": 338, "position": [-1.016989971713624, 1.6184633003753, -2.5074656658912757], "rotation": [[0.9297744829853473, -0.29824084447253446, 0.21580502653469372], [0.29660100693944197, 0.9541326348417603, 0.0407278505746253], [-0.2180533271285708, 0.02614027196165645, 0.9755867120404679]], "fy": 474.40770730514083, "fx": 474.46809509406205}, {"id": 58, "img_name": "0072.jpg", "width": 519, "height": 338, "position": [-0.12308319571779344, 1.8096049771874934, -2.707703858226752], "rotation": [[0.9871794739220489, -0.12328671707297113, 0.10137589289548225], [0.12241772175273377, 0.9923687127567591, 0.014772925991938605], [-0.10242356988436488, -0.002173323460097224, 0.994738502822365]], "fy": 474.40770730514083, "fx": 474.46809509406205}, {"id": 59, "img_name": "0073.jpg", "width": 519, "height": 338, "position": [0.706927294350596, 1.9815740579736656, -2.742412753397045], "rotation": [[0.9979100899583571, 0.06454695500610419, -0.0030237325846931644], [-0.06456933989301995, 0.9978811046005133, -0.008006336680335343], [0.002500540958160853, 0.00818484457391699, 0.9999633771364917]], "fy": 474.40770730514083, "fx": 474.46809509406205}, {"id": 60, "img_name": "0074.jpg", "width": 519, "height": 338, "position": [1.3363352522725955, 1.6381410202007511, -2.700138964853699], "rotation": [[0.9634696876251515, 0.25484207449653407, -0.08235094470493914], [-0.2525922013800821, 0.96687093576407, 0.03684797656148331], [0.08901314975584777, -0.014700702058561232, 0.995921959055793]], "fy": 474.40770730514083, "fx": 474.46809509406205}, {"id": 61, "img_name": "0075.jpg", "width": 519, "height": 338, "position": [2.424338107451328, 2.0802345552548096, -2.5791620855911477], "rotation": [[0.886612434772254, 0.40683663442720264, -0.22000532583363144], [-0.4218754125296268, 0.9063324079270444, -0.02413923453887788], [0.18957723178212318, 0.11421698310283124, 0.9751999558863376]], "fy": 474.40770730514083, "fx": 474.46809509406205}, {"id": 62, "img_name": "0076.jpg", "width": 519, "height": 338, "position": [2.7753075057766443, 1.4232747612032115, -2.453780724344863], "rotation": [[0.7737385376603213, 0.5761834215152453, -0.263327438961937], [-0.5826057044628801, 0.8104311628377623, 0.0614159867521755], [0.24879563594761595, 0.10589615230223144, 0.9627495710001661]], "fy": 474.40770730514083, "fx": 474.46809509406205}, {"id": 63, "img_name": "0077.jpg", "width": 519, "height": 338, "position": [3.4163823339099495, 0.9908773694511894, -2.215868341451604], "rotation": [[0.6231293590803483, 0.7021168413566069, -0.34458923798565694], [-0.7142498039828674, 0.6903680423760541, 0.11506165119747826], [0.3186801207520633, 0.17442450272044993, 0.9316754120873718]], "fy": 474.40770730514083, "fx": 474.46809509406205}, {"id": 64, "img_name": "0078.jpg", "width": 519, "height": 338, "position": [3.606772853955522, 0.3313173182373711, -2.049914227687531], "rotation": [[0.4519029318255796, 0.8137336733495769, -0.36554240392114506], [-0.8164106435205851, 0.5424071410358651, 0.19816194008841148], [0.35952385366446754, 0.20888274751712568, 0.9094562091909356]], "fy": 474.40770730514083, "fx": 474.46809509406205}, {"id": 65, "img_name": "0079.jpg", "width": 519, "height": 338, "position": [3.9020004194330746, -0.24847470625046353, -1.8189928693742998], "rotation": [[0.25950340200168187, 0.8783550556564033, -0.4014354002232366], [-0.8834882561074043, 0.3837870255264944, 0.268618726744476], [0.3900083148727102, 0.2849559882514535, 0.8756104151332292]], "fy": 474.40770730514083, "fx": 474.46809509406205}, {"id": 66, "img_name": "0080.jpg", "width": 519, "height": 338, "position": [4.071182199922543, -0.9030361865631861, -1.4735588245584061], "rotation": [[0.05006277616800848, 0.904132166174968, -0.42430972712172343], [-0.9107100376709191, 0.21572995949895993, 0.35223261044373827], [0.41000115332494486, 0.3687893852354439, 0.834202279791825]], "fy": 474.40770730514083, "fx": 474.46809509406205}, {"id": 67, "img_name": "0081.jpg", "width": 519, "height": 338, "position": [4.079676936027794, -1.5331643326814117, -1.2256928709441193], "rotation": [[-0.15547296543785258, 0.8924816788473766, -0.42344375062070266], [-0.9026156082327603, 0.04582946525806189, 0.4280008456636082], [0.4013891139437689, 0.4487494992040969, 0.7984426505213186]], "fy": 474.40770730514083, "fx": 474.46809509406205}, {"id": 68, "img_name": "0082.jpg", "width": 519, "height": 338, "position": [3.859445506889491, -2.231867694619088, -1.0475421627252899], "rotation": [[-0.35862651888394714, 0.8471375363951963, -0.39210332105640044], [-0.852646467815197, -0.12629248338084303, 0.5069952756819014], [0.37997502664708055, 0.5161474625257556, 0.7676006618371131]], "fy": 474.40770730514083, "fx": 474.46809509406205}, {"id": 69, "img_name": "0084.jpg", "width": 519, "height": 338, "position": [3.092617991122124, -3.4172392877670767, -0.4689141655897972], "rotation": [[-0.7082423668313523, 0.6407721489612627, -0.29631706488268467], [-0.639780483944515, -0.4051222353028303, 0.6531132419626478], [0.2984521438838158, 0.6521403434681858, 0.6968782463474882]], "fy": 474.40770730514083, "fx": 474.46809509406205}, {"id": 70, "img_name": "0085.jpg", "width": 519, "height": 338, "position": [2.573721771724768, -3.79384274880867, -0.33647657315421964], "rotation": [[-0.842609512685739, 0.4850329695736396, -0.23399193908781848], [-0.4927440739079569, -0.5190816634318982, 0.6983963805156516], [0.2172843454096278, 0.7037735751755316, 0.6763802688758445]], "fy": 474.40770730514083, "fx": 474.46809509406205}, {"id": 71, "img_name": "0086.jpg", "width": 519, "height": 338, "position": [1.7770092459165916, -4.1205147492684935, -0.20395540554193364], "rotation": [[-0.9374420922681184, 0.3206083727006937, -0.13569301749974125], [-0.31138692534507456, -0.5978545230759805, 0.738652930652639], [0.15569362982509247, 0.7346973802810274, 0.6602872503994625]], "fy": 474.40770730514083, "fx": 474.46809509406205}, {"id": 72, "img_name": "0087.jpg", "width": 519, "height": 338, "position": [1.002657700022907, -4.274797076578726, -0.12702013581035024], "rotation": [[-0.989280722753733, 0.1404584685934469, -0.0399383298127803], [-0.12159142289243116, -0.6408778100908771, 0.7579519499362182], [0.08086518080635631, 0.7546834111953867, 0.6510866082171022]], "fy": 474.40770730514083, "fx": 474.46809509406205}, {"id": 73, "img_name": "0088.jpg", "width": 519, "height": 338, "position": [0.20213915063756743, -4.317443463415799, -0.02125918467171739], "rotation": [[-0.9973069755891467, -0.04349940216295881, 0.05904742545356067], [0.07320319987180987, -0.6396167452166732, 0.765200438295063], [0.004481960481361335, 0.7674621953229318, 0.641078537139054]], "fy": 474.40770730514083, "fx": 474.46809509406205}, {"id": 74, "img_name": "0089.jpg", "width": 519, "height": 338, "position": [-0.5603235293991686, -4.1593288307940925, -0.10400664731481525], "rotation": [[-0.9606762975691137, -0.2327085194996605, 0.15148530041286543], [0.2657181503009928, -0.6121180217139351, 0.7447854671606032], [-0.08059104100034264, 0.7557501388986277, 0.6498821521362054]], "fy": 474.40770730514083, "fx": 474.46809509406205}]